100000.0 462.257 100000.0
200000.0 900.61 200000.0
300000.0 1046.984 300000.0
400000.0 1192.813 400000.0
500000.0 1342.956 500000.0
600000.0 1765.908 600000.0
700000.0 2156.101 700000.0
800000.0 2233.882 800000.0
900000.0 3009.746 900000.0
1000000.0 2630.979 1000000.0
1100000.0 2185.173 1100000.0
1200000.0 3620.496 1200000.0
1300000.0 3201.862 1300000.0
1400000.0 4301.451 1400000.0
1500000.0 4175.051 1500000.0
1600000.0 4574.606 1600000.0
1700000.0 5559.754 1700000.0
1800000.0 4716.189 1800000.0
1900000.0 6353.774 1900000.0
2000000.0 6527.773 2000000.0
2100000.0 6773.05 2100000.0
2200000.0 6229.701 2200000.0
2300000.0 7557.732 2300000.0
2400000.0 7616.231 2400000.0
2500000.0 7140.323 2500000.0
2600000.0 8380.356 2600000.0
2700000.0 9188.141 2700000.0
2800000.0 8605.637 2800000.0
2900000.0 8351.405 2900000.0
3000000.0 10532.419 3000000.0
3100000.0 9805.699 3100000.0
