9a.json 58395.663 63031.76920392037 540774.2873466187
8a.json 53186.27 49995.647413430255 498743.35822451767
3b.json 106810.864 115782.83205064289 682085.550537824
1a.json 13080.28 13793.65612949074 59024.24709035233
15c.json 39810.338 34847.79748897289 727200.4504098967
33c.json 16167.377 10947.751628555634 216510.1285099971
7c.json 82837.307 82646.72064576285 991356.202255699
8d.json 48385.656 49500.9973257249 503586.6977941949
9d.json 57577.178 63882.47197946873 543420.7534525187
13b.json 31542.089 30676.751309779916 694227.8734036095
33b.json 14627.526 12141.660521426531 215952.4902961
1c.json 12369.616 13787.541486879418 58746.974957374536
4a.json 17771.255 15230.741031034097 79846.65513004763
5c.json 28790.837 22926.595449974582 668900.8407798288
3c.json 115223.788 115186.94846942728 701940.1706726409
18a.json 95509.849 91989.82990024696 1421424.0256138807
10a.json 28137.112 35687.23139972429 418224.6219899867
8b.json 52358.937 52129.61713654003 499594.0504885864
9b.json 57234.715 59995.21300294757 536497.3978362083
13a.json 28481.814 31266.686971997617 695430.9351921127
18c.json 85296.477 90980.7927058905 1423712.9009248335
33a.json 14734.692 9855.631855060798 216183.51293364062
12c.json 31630.619 26217.198445799484 687050.1560632114
12b.json 35252.065 31302.795768038075 698645.1941620411
15d.json 38481.239 35028.1409775045 725169.0766402896
23c.json 36865.372 34065.95993627401 721967.7401578989
19c.json 78410.788 70422.44000186448 1161299.8150158518
19b.json 73089.715 70370.93614609964 1153238.3984650788
5b.json 20727.26 20745.907277484133 663738.5010335279
13c.json 30851.602 30608.263506033665 694175.1294262798
15a.json 40205.063 33221.32211146693 717036.2067271549
19d.json 74937.447 76781.78871428693 1175138.1616240211
1d.json 16297.979 11943.465554219367 59527.16581006112
4b.json 14281.016 14101.868103670222 76667.21310855878
3a.json 109275.728 116567.90666572427 688996.5141279526
7b.json 83764.566 78774.0100712886 978805.5637357179
19a.json 77926.332 69341.94594037208 1158709.6270996048
10c.json 38399.002 38904.52836294796 427002.9686974402
7a.json 85988.35 80608.99368013503 979832.0621759009
9c.json 56529.62 63478.0451353875 543526.0962057118
13d.json 38910.004 40926.951432208465 738734.1182941954
18b.json 90564.337 89285.8000079073 1415228.7101324885
12a.json 31013.888 27837.360941465377 684296.692794295
10b.json 23242.415 35415.74992741764 379136.01801999257
23a.json 37216.918 34134.98467199338 721936.3918971573
5a.json 19980.348 28484.923568329294 665643.7151214022
4c.json 19429.639 16759.10739237105 86789.58162957527
1b.json 15586.137 11560.049108177236 59437.92151368718
