100002	2331.667	40838
200008	3564.697	74525
300003	5487.464	113746
400007	6441.939	148529
500008	8168.487	181196
600000	8701.925	219655
700001	10024.301	250392
800007	11346.126	286627
900001	11747.513	318576
1000005	12482.427	359006
1100000	13356.182	390899
1200001	14360.974	437802
1300000	14790.947	474930
1400004	16557	506384
1500004	16556.359	544379
1600004	17661.16	573036
1700002	18702.375	603815
1800001	19228.507	640117
1900002	20083.645	678442
2000005	19935.922	716417
2100000	20925.66	759459
2200009	21844.417	791714
2300014	21528.778	824419
2400037	23380.176	854647
2500003	24620.821	891172
2600000	24894.098	921156
2700008	24282.519	957975
2800001	25027.903	1000491
2900000	26064.15	1035672
3000003	27146.798	1072682
3100000	27617.07	1108885
3200004	28307.062	1145224
3300002	28416.347	1183131
3400000	29848.147	1205199
3500001	29876.302	1243886
3600002	31671.226	1276656
3700001	32628.572	1300229
3800036	32202.243	1326635
3900000	33634.055	1352691
4000009	33267.99	1379897
4100005	33956.359	1407096
4200001	34144.299	1432171
4300000	35637.321	1461315
4400002	35121.897	1500201
4500001	36984.074	1540988
4600005	36298.274	1578946
4700003	37196.988	1614821
4800001	37945.11	1639322
4900002	39690.119	1648025
5000003	41213.184	1656610
5100006	41795.041	1665689
5200141	43819.622	1674846
5300006	43980.111	1683538
5400002	44146.475	1692932
5500009	45138.624	1702852
5600009	46393.251	1712165
5700006	47853.185	1720744
5800002	47817.267	1730335
5900024	48508.358	1738915
6000002	49682.426	1747280
6100040	49353.084	1756116
6200053	50348.066	1764394
6300005	51506.271	1773707
6400011	50902.794	1782408
6500010	51334.113	1791400
6600003	53199.56	1800473
6700005	53156.349	1809853
6800007	54733.12	1818706
6900005	54236.836	1828605
7000023	56637.614	1838235
7100040	56036.082	1846885
7200006	59117.891	1856503
7300011	59234.418	1866793
7400008	58927.737	1876672
7500004	58719.758	1885208
7600034	59499.438	1894101
7700005	60914.364	1902441
7800004	62615.708	1911470
7900002	61567.153	1920722
8000005	63049.805	1928951
8100003	63419.068	1937884
8200001	64269.585	1945999
8300008	64525.634	1954865
8400002	64907.868	1963504
8500003	63545.989	1972564
8600004	65000	1981588
8700171	66846.056	1990545
8800000	65852.701	1999886
8900011	68557.075	2008650
9000015	67496.522	2019501
9100004	69770.888	2029145
9200004	69642.487	2038782
9300016	70378.38	2048317
9400003	71521.253	2057345
9500034	70908.069	2066397
9600047	73000.927	2075633
9700007	72338.894	2084557
9800004	72335.154	2093517
9900009	73181.967	2103021
10000000	74789.389	2112172
10100074	75063.97	2121146
10200002	76809.803	2130045
10300014	76225.124	2138695
10400002	75894.479	2149025
10500001	76270.073	2158171
10600118	76921.918	2168231
10700002	77513.948	2177133
10800130	76936.705	2186997
10900001	79094.638	2196490
11000022	78217.104	2205544
11100003	77696.11	2215146
11200006	80127.453	2225068
11300002	82396.228	2234484
11400005	81070.271	2243175
11500001	79816.215	2251207
11600134	80855.242	2260578
11700124	80122.864	2269349
11800001	83998.828	2279185
11900001	87070.414	2288099
12000021	84602.062	2296609
12100008	83466.467	2305261
12200009	86214.197	2312739
12300038	87270.651	2321727
12400029	86043.681	2330941
12500004	86492.534	2340316
12600003	87619.486	2348060
12700006	88577.568	2355043
12800005	86953.073	2361916
12900001	90027.494	2369075
13000004	89747.864	2375733
13100042	89335.973	2382186
13200006	91499.413	2388505
13300035	91472.222	2395698
13400003	90856.478	2402516
13500002	93519.125	2409462
13600011	93754.609	2416294
13700009	95288.003	2423276
13800000	91952.849	2430538
13900004	93921.367	2439028
14000024	95182.53	2447781
14100008	97001.19	2456735
14200004	95647.283	2466299
14300000	96368.647	2476058
14400012	96136.104	2486326
14500000	98265.034	2494962
14600001	95792.731	2503092
14700000	98572.05	2512265
14800000	98142.011	2522054