100016	2234.825	286627
200010	3835.902	318576
300014	5235.804	359006
400009	6075.37	390899
500010	7074.098	437802
600009	8233.218	474930
700013	9093.086	506384
800013	10189.243	544379
900013	10825.119	573036
1000011	12242.785	603815
1100010	12901.488	640117
1200011	13313.681	678442
1300014	14336.588	716417
1400009	14804.481	759459
1500018	16219.369	791714
1600023	16867.72	824419
1700046	17797.8	854647
1800012	18049.66	891172
1900009	18531.201	921156
2000017	19278.422	957975
2100010	20742.038	1000491
2200009	22269.726	1035672
2300012	21436.62	1072682
2400009	22424.446	1108885
2500013	22646.407	1145224
2600011	23704.01	1183131
2700009	24132.066	1205199
2800010	24800.87	1243886
2900011	26151.181	1276656
3000010	26177.983	1300229
3100045	27229.703	1326635
3200009	27188.655	1352691
3300018	27824.266	1379897
3400014	28217.154	1407096
3500010	28769.7	1432171
3600009	29909.869	1461315
3700011	32089.448	1500201
3800010	31756.746	1540988
3900014	32803.053	1578946
4000012	32894.342	1614821
4100010	33144.188	1639322
4200011	35087.327	1648025
4300012	36785.963	1656610
4400015	36816.233	1665689
4500150	38325.803	1674846
4600015	39534.63	1683538
4700011	39666.973	1692932
4800018	40728.647	1702852
4900018	40666.849	1712165
5000015	42710.819	1720744
5100011	42920.903	1730335
5200033	42769.663	1738915
5300011	44957.289	1747280
5400049	44864.183	1756116
5500062	45630.828	1764394
5600014	46991.389	1773707
5700020	46847.775	1782408
5800019	47290.963	1791400
5900012	47450.892	1800473
6000014	48450.903	1809853
6100016	51723.283	1818706
6200014	49881.132	1828605
6300032	50625.253	1838235
6400049	52458.763	1846885
6500015	52677.412	1856503
6600020	52741.334	1866793
6700017	53088.932	1876672
6800013	54649.378	1885208
6900043	54664.189	1894101
7000014	56066.87	1902441
7100013	56266.733	1911470
7200011	57158.916	1920722
7300014	57607.769	1928951
7400012	57989.671	1937884
7500010	58298.96	1945999
7600017	58836.155	1954865
7700011	62865.78	1963504
7800012	60401.016	1972564
7900013	60714.614	1981588
8000180	61987.275	1990545
8100009	62452.449	1999886
8200020	62802.97	2008650
8300024	63543.73	2019501
8400013	65143.598	2029145
8500013	64392.158	2038782
8600025	64576.949	2048317
8700012	65737.902	2057345
8800043	67460.014	2066397
8900056	67146.02	2075633
9000016	66868.562	2084557
9100013	70083.439	2093517
9200018	68300.008	2103021
9300009	68537.396	2112172
9400083	70082.581	2121146
9500011	71070.406	2130045
9600023	71106.15	2138695
9700011	71904.271	2149025
9800010	72917.711	2158171
9900127	74548.687	2168231
10000011	73748.823	2177133
10100139	73864.181	2186997
10200010	75035.164	2196490
10300031	75510.239	2205544
10400012	75024.944	2215146
10500015	76686.282	2225068
10600011	75146.032	2234484
10700014	77514.71	2243175
10800010	78371.149	2251207
10900143	79268.57	2260578
11000133	78312.441	2269349
11100010	79872.37	2279185
11200010	79888.239	2288099
11300030	81306.138	2296609
11400017	80163.334	2305261
11500018	81514.549	2312739
11600047	81592.741	2321727
11700038	82641.018	2330941
11800013	81886.371	2340316
11900012	84337.702	2348060
12000015	85653.97	2355043
12100014	83153.581	2361916
12200010	84885.064	2369075
12300013	85433.63	2375733
12400051	85266.311	2382186
12500015	86468.397	2388505
12600044	88069.35	2395698
12700012	89795.567	2402516
12800011	87881.114	2409462
12900020	88444.526	2416294
13000018	90274.038	2423276
13100009	90533.256	2430538
13200013	90809.949	2439028
13300033	91699.052	2447781
13400017	91507.944	2456735
13500013	90956.589	2466299
13600009	94703.241	2476058
13700021	93201.925	2486326
13800009	93919.666	2494962
13900010	92952.036	2503092
14000009	95492.398	2512265
14100009	95165.6	2522054