1000	453.069	1000
11000	908.953	11000
21000	608.529	21000
31000	651.467	31000
41000	682.109	41000
51000	677.155	51000
61000	844.292	61000
71000	831.116	71000
81000	692.513	81000
91000	680.599	91000
101000	826.308	101000
111000	969.013	111000
121000	743.976	121000
131000	737.737	131000
141000	785.469	141000
151000	755.77	151000
161000	781.374	161000
171000	1062.839	171000
181000	1079.187	181000
191000	772.737	191000
201000	1112.222	201000
211000	1197.495	211000
221000	1295.06	221000
231000	1488.397	231000
241000	1137.468	241000
251000	1245.692	251000
261000	1209.86	261000
271000	1482.441	271000
281000	1253.183	281000
291000	1220.475	291000
301000	1468.116	301000
311000	1688.32	311000
321000	1528.546	321000
331000	1498.039	331000
341000	1827.064	341000
351000	1673.163	351000
361000	1539.299	361000
371000	1828.587	371000
381000	1520.328	381000
391000	1510.775	391000
401000	1859.787	401000
411000	2180.906	411000
421000	1882.601	421000
431000	2099.675	431000
441000	2236.89	441000
451000	1979.752	451000
461000	2350.627	461000
471000	1969.866	471000
481000	1914.246	481000
491000	1868.483	491000
501000	2276.778	501000
511000	2419.716	511000
521000	2239.815	521000
531000	2350.596	531000
541000	2522.721	541000
551000	2212.309	551000
561000	2710.456	561000
571000	2494.408	571000
581000	2686.277	581000
591000	2161.646	591000
601000	2736.009	601000
611000	3022.717	611000
621000	2874.942	621000
631000	2851.333	631000
641000	2747.76	641000
651000	3186.012	651000
661000	2999.781	661000
671000	2872.906	671000
681000	3250.723	681000
691000	2640.709	691000
701000	2822.608	701000
711000	3134.929	711000
721000	3289.798	721000
731000	3354.657	731000
741000	3156.113	741000
751000	3272.017	751000
761000	3177.94	761000
771000	3162.53	771000
781000	3433.804	781000
791000	3612.279	791000
801000	3718.318	801000
811000	3375.168	811000
821000	3641.524	821000
831000	4114.144	831000
841000	3766.759	841000
851000	3639.252	851000
861000	3930.237	861000
871000	3655.251	871000
881000	4071.142	881000
891000	3797.647	891000
901000	4414.475	901000
911000	3928.14	911000
921000	4070.36	921000
931000	4292.482	931000
941000	4006.393	941000
951000	4163.685	951000
961000	3612.511	961000
971000	3827.73	971000
981000	3712.852	981000
991000	4288.315	991000
1001000	4749.032	1001000
1011000	4348.908	1011000
1021000	4505.844	1021000
1031000	4160.366	1031000
1041000	4238.429	1041000
1051000	4786.409	1051000
1061000	4424.07	1061000
1071000	4630.153	1071000
1081000	4800.471	1081000
1091000	3898.822	1091000
1101000	4623.983	1101000
1111000	4724.615	1111000
1121000	4449.272	1121000
1131000	4784.593	1131000
1141000	5162.068	1141000
1151000	4469.665	1151000
1161000	4988.735	1161000
1171000	5040.139	1171000
1181000	4859.959	1181000
1191000	4728.241	1191000
1201000	4546.99	1201000
1211000	5262.322	1211000
1221000	5078.45	1221000
1231000	5410.452	1231000
1241000	5136.232	1241000
1251000	4672.109	1251000
1261000	4635.408	1261000
1271000	5253.642	1271000
1281000	5374.383	1281000
1291000	4944.701	1291000
1301000	6017.357	1301000
1311000	5484.729	1311000
1321000	5683.581	1321000
1331000	5102.875	1331000
1341000	5497.904	1341000
1351000	5614.544	1351000
1361000	5457.305	1361000
1371000	5348.352	1371000
1381000	5231.28	1381000
1391000	5556.241	1391000
1401000	6294.14	1401000
1411000	6041.601	1411000
1421000	5930.54	1421000
1431000	5509.086	1431000
1441000	6031.928	1441000
1451000	6071.595	1451000
1461000	5687.346	1461000
1471000	6269.183	1471000
1481000	5966.408	1481000
1491000	6169.662	1491000
1501000	6347.579	1501000
1511000	6545.848	1511000
1521000	6704.341	1521000
1531000	6015.345	1531000
1541000	6318.029	1541000
1551000	6289.593	1551000
1561000	6412.907	1561000
1571000	6560.786	1571000
1581000	6090.784	1581000
1591000	6057.357	1591000
1601000	6525.019	1601000
1611000	7070.074	1611000
1621000	6350.949	1621000
1631000	6264.831	1631000
1641000	6601.343	1641000
1651000	5728.175	1651000
1661000	6725.481	1661000
1671000	6531.513	1671000
1681000	6056.329	1681000
1691000	6961.515	1691000
1701000	6910.451	1701000
1711000	7316.73	1711000
1721000	6199.395	1721000
1731000	6733.075	1731000
1741000	6563.313	1741000
1751000	7694.029	1751000
1761000	6958.916	1761000
1771000	7015.248	1771000
1781000	7338.314	1781000
1791000	7102.653	1791000
1801000	7340.643	1801000
1811000	7370.41	1811000
1821000	7883.547	1821000
1831000	7042.745	1831000
1841000	6962.308	1841000
1851000	7418.225	1851000
1861000	6813.826	1861000
1871000	7291.705	1871000
1881000	7314.129	1881000
1891000	7248.654	1891000
1901000	7613.77	1901000
1911000	6839.666	1911000
1921000	8057.344	1921000
1931000	7924.707	1931000
1941000	8200.402	1941000
1951000	7665.309	1951000
1961000	7446.246	1961000
1971000	7709.442	1971000
1981000	7663.356	1981000
1991000	7363.38	1991000
2001000	8027.127	2001000
2011000	8079.17	2011000
2021000	8012.884	2021000
2031000	7917.569	2031000
2041000	7935.508	2041000
2051000	8076.465	2051000
2061000	8032.298	2061000
2071000	7949.32	2071000
2081000	8484.193	2081000
2091000	8465.467	2091000
2101000	7647.649	2101000
2111000	7785.923	2111000
2121000	8796.022	2121000
2131000	8130.955	2131000
2141000	8385.45	2141000
2151000	8164.045	2151000
2161000	8228.569	2161000
2171000	7879.087	2171000
2181000	8596.859	2181000
2191000	7414.387	2191000
2201000	8443.015	2201000
2211000	8741.431	2211000
2221000	8795.34	2221000
2231000	8774.142	2231000
2241000	8393.206	2241000
2251000	8525.509	2251000
2261000	8813	2261000
2271000	8845.521	2271000
2281000	8962.695	2281000
2291000	8334.184	2291000
2301000	8852.86	2301000
2311000	9419.744	2311000
2321000	9067.219	2321000
2331000	8947.344	2331000
2341000	9322.321	2341000
2351000	9911.798	2351000
2361000	9059.853	2361000
2371000	9647.479	2371000
2381000	9272.509	2381000
2391000	9219.222	2391000
2401000	9972.736	2401000
2411000	8741.374	2411000
2421000	9844.964	2421000
2431000	10445.58	2431000
2441000	9449.867	2441000
2451000	9668.329	2451000
2461000	9803.231	2461000
2471000	10060.228	2471000
2481000	8845.862	2481000
2491000	9598.865	2491000
2501000	9652.232	2501000
2511000	10026.84	2511000
2521000	8871.388	2521000
		