1000	281.957	1000
2000	338.125	2000
3000	298.249	3000
4000	340.98	4000
5000	333.969	5000
6000	246.198	6000
7000	285.463	7000
8000	288.026	8000
9000	320.754	9000
10000	274.103	10000
11000	305.607	11000
12000	290.234	12000
13000	261.203	13000
14000	317.558	14000
15000	244.604	15000
16000	321.257	16000
17000	294.604	17000
18000	354.044	18000
19000	255.693	19000
20000	315.33	20000
21000	301.993	21000
22000	291.325	22000
23000	280.664	23000
24000	351.893	24000
25000	346.273	25000
26000	344.519	26000
27000	307.115	27000
28000	322.006	28000
29000	314.288	29000
30000	356.864	30000
31000	350.04	31000
32000	341.745	32000
33000	317.451	33000
34000	316.821	34000
35000	361.097	35000
36000	362.522	36000
37000	312.571	37000
38000	322.706	38000
39000	355.302	39000
40000	409.475	40000
41000	357.485	41000
42000	324.925	42000
43000	359.714	43000
44000	317.763	44000
45000	362.471	45000
46000	327.003	46000
47000	386.281	47000
48000	371.536	48000
49000	403.817	49000
50000	397.36	50000
51000	405.783	51000
52000	331.098	52000
53000	373.801	53000
54000	368.315	54000
55000	408.417	55000
56000	334.884	56000
57000	360.175	57000
58000	368.957	58000
59000	346.109	59000
60000	353.412	60000
61000	335.923	61000
62000	346.067	62000
63000	340.728	63000
64000	356.53	64000
65000	332.769	65000
66000	350.641	66000
67000	384.163	67000
68000	380.209	68000
69000	385.089	69000
70000	292.215	70000
71000	448.048	71000
72000	447.133	72000
73000	470.741	73000
74000	422.67	74000
75000	424.775	75000
76000	442.567	76000
77000	418.227	77000
78000	544.115	78000
79000	523.74	79000
80000	483.673	80000
81000	351.651	81000
82000	436.502	82000
83000	428.658	83000
84000	404.02	84000
85000	470.621	85000
86000	465.829	86000
87000	399.233	87000
88000	448.936	88000
89000	458.851	89000
90000	469.62	90000
91000	415.681	91000
92000	443.373	92000
93000	542.957	93000
94000	543.342	94000
95000	543.369	95000
96000	411.593	96000
97000	445.544	97000
98000	522.399	98000
99000	388.428	99000
100000	526.843	100000
101000	638.338	101000
102000	528.032	102000
103000	607.752	103000
104000	598.762	104000
105000	609.613	105000
106000	702.006	106000
107000	754.923	107000
108000	694.631	108000
109000	737.615	109000
110000	764.995	110000
111000	572.061	111000
112000	746.681	112000
113000	607.618	113000
114000	699.363	114000
115000	617.718	115000
116000	680.319	116000
117000	694.192	117000
118000	886.819	118000
119000	689.876	119000
120000	572.588	120000
121000	630.069	121000
122000	584.85	122000
123000	624.923	123000
124000	719.236	124000
125000	616.159	125000
126000	693.125	126000
127000	610.056	127000
128000	636.584	128000
129000	589.548	129000
130000	723.43	130000
131000	598.671	131000
132000	658.499	132000
133000	640.761	133000
134000	699.041	134000
135000	584.978	135000
136000	601.561	136000
137000	637.018	137000
138000	837.75	138000
139000	597.794	139000
140000	591.463	140000
141000	705.236	141000
142000	556.1	142000
143000	607.463	143000
144000	600.356	144000
145000	803.051	145000
146000	625.807	146000
147000	646.621	147000
148000	629.646	148000
149000	588.682	149000
150000	778.751	150000
151000	847.125	151000
152000	606.104	152000
153000	730.404	153000
154000	678.968	154000
155000	649.396	155000
156000	828.769	156000
157000	652.859	157000
158000	644.153	158000
159000	762.542	159000
160000	719.862	160000
161000	654.284	161000
162000	637.024	162000
163000	603.794	163000
164000	657.153	164000
165000	592.921	165000
166000	710.344	166000
167000	636.326	167000
168000	703.071	168000
169000	658.39	169000
170000	761.752	170000
171000	662.129	171000
172000	611.669	172000
173000	662.908	173000
174000	649.902	174000
175000	720.653	175000
176000	735.502	176000
177000	823.716	177000
178000	590.722	178000
179000	668.044	179000
180000	642.114	180000
181000	618.208	181000
182000	659.887	182000
183000	847.821	183000
184000	674.611	184000
185000	663.787	185000
186000	632.452	186000
187000	658.428	187000
188000	616.581	188000
189000	752.141	189000
190000	596.283	190000
191000	674.328	191000
192000	675.506	192000
193000	692.117	193000
194000	712.149	194000
195000	1015.572	195000
196000	640.886	196000
197000	693.059	197000
198000	740.539	198000
199000	662.27	199000
200000	659.104	200000
201000	789.437	201000
202000	731.61	202000
203000	725.34	203000
204000	684.785	204000
205000	794.187	205000
206000	695.111	206000
207000	688.808	207000
208000	721.121	208000
209000	754.768	209000
210000	850.126	210000
211000	923.283	211000
212000	822.897	212000
213000	923.574	213000
214000	725.223	214000
215000	765.523	215000
216000	877.333	216000
217000	703.198	217000
218000	794.69	218000
219000	754.946	219000
220000	788.942	220000
221000	697.18	221000
222000	814.138	222000
223000	706.614	223000
224000	747.718	224000
225000	707.92	225000
226000	717.389	226000
227000	992.313	227000
228000	701.116	228000
229000	760.422	229000
230000	758.146	230000
231000	700.684	231000
232000	819.757	232000
233000	746.236	233000
234000	746.81	234000
