100010	4047.057	1911470
200008	5941.123	1920722
300011	7828.172	1928951
400009	9883.336	1937884
500007	10152.702	1945999
600014	11502.025	1954865
700008	12105.886	1963504
800009	13599.344	1972564
900010	14660.95	1981588
1000177	15591.337	1990545
1100006	16493.666	1999886
1200017	17107.69	2008650
1300021	17714.494	2019501
1400010	18071.914	2029145
1500010	19694.863	2038782
1600022	20557.516	2048317
1700009	21813.232	2057345
1800040	23634.963	2066397
1900053	23525.2	2075633
2000013	23726.106	2084557
2100010	25323.884	2093517
2200015	25515.665	2103021
2300006	25780.356	2112172
2400080	26725.407	2121146
2500008	27194.642	2130045
2600020	27689.193	2138695
2700008	28599.539	2149025
2800007	29712.974	2158171
2900124	29517.216	2168231
3000008	30432.597	2177133
3100136	31374.387	2186997
3200007	31768.33	2196490
3300028	32822.817	2205544
3400009	34050.778	2215146
3500012	33159.418	2225068
3600008	33566.801	2234484
3700011	34231.816	2243175
3800007	34763.187	2251207
3900140	35127.036	2260578
4000130	36534.359	2269349
4100007	36921.782	2279185
4200007	37312.542	2288099
4300027	37737.528	2296609
4400014	38279.187	2305261
4500015	39388.277	2312739
4600044	39183.899	2321727
4700035	40201.088	2330941
4800010	42445.128	2340316
4900009	41350.136	2348060
5000012	41726.474	2355043
5100011	42465.952	2361916
5200007	42297.18	2369075
5300010	44520.55	2375733
5400048	44943.013	2382186
5500012	46231.356	2388505
5600041	45510.497	2395698
5700009	45785.668	2402516
5800008	46320.892	2409462
5900017	48219.689	2416294
6000015	47662.531	2423276
6100006	49493.164	2430538
6200010	48057.689	2439028
6300030	49027.399	2447781
6400014	49935.913	2456735
6500010	49847.733	2466299
6600006	50822.748	2476058
6700018	52091.628	2486326
6800006	52558.039	2494962
6900007	52540.111	2503092
7000006	53201.567	2512265
7100006	51801.239	2522054