100133	4122.182	2075633
200093	6847.158	2084557
300090	7966.717	2093517
400095	9563.117	2103021
500086	10181.927	2112172
600160	11728.311	2121146
700088	12398.765	2130045
800100	13597.683	2138695
900088	14936.748	2149025
1000087	15515.805	2158171
1100204	16192.924	2168231
1200088	18305.62	2177133
1300216	17917.927	2186997
1400087	19994.188	2196490
1500108	20032.351	2205544
1600089	20014.583	2215146
1700092	21435.462	2225068
1800088	22285.133	2234484
1900091	22693.531	2243175
2000087	22946.813	2251207
2100220	24032.382	2260578
2200210	25462.741	2269349
2300087	26314.933	2279185
2400087	26144.334	2288099
2500107	27156.497	2296609
2600094	28360.248	2305261
2700095	28736.823	2312739
2800124	30043.736	2321727
2900115	30639.154	2330941
3000090	30454.68	2340316
3100089	31325.914	2348060
3200092	32886.559	2355043
3300091	33817.836	2361916
3400087	33140.904	2369075
3500090	34522.79	2375733
3600128	35755.996	2382186
3700092	35662.637	2388505
3800121	36326.547	2395698
3900089	39217.171	2402516
4000088	39967.245	2409462
4100097	39123	2416294
4200095	39314.024	2423276
4300086	39224.789	2430538
4400090	40493.884	2439028
4500110	41035.015	2447781
4600094	40655.387	2456735
4700090	41408.181	2466299
4800086	42993.871	2476058
4900098	42307.651	2486326
5000086	42257.153	2494962
5100087	42927.717	2503092
5200086	44888.135	2512265
5300086	45267.414	2522054