10026	13335.61	616
20002	25379.869	1255
30021	41406.195	1889
40024	52566.406	2492
50005	66320.461	3086
60019	76484.307	3942
70001	95671.005	4816
80018	105319.463	5395
90025	113175.161	5844
100034	124972.405	6600
110023	143952.001	7689
120022	161864.555	8395
130014	173294.626	8865
140038	176946.349	8997
150006	189630.615	9618
160089	206264.725	10573
170061	217241.035	11205
180027	229526.195	12145
190008	237955.457	12769
200002	249870.424	13933
210003	262507.003	15285
220009	280056.746	16474
230002	288070.228	17937
240010	294450.685	18474
250020	309421.793	18890
260025	315337.223	19343
270035	323532.028	19696
280011	338988.075	21075
290012	340927.172	21634
300014	355546.189	22352
310008	356342.827	22864
320014	359231.842	23413
330044	369861.485	23780
340021	368641.069	24289
350024	384688.463	25059
360020	381977.629	25191
370007	392461.533	25917
380020	392759.471	26509
390011	391261.738	26688
400020	400607.509	27492
410071	415888.958	28994
420045	422199.465	30400
430005	429008.702	31135
440010	437585.811	31941
450014	452357.852	34008
460023	459510.809	34625
470012	468796.68	35313
480024	476383.83	37169
490010	475725.197	37418
500004	486635.856	38373
510000	489999.918	39657
520034	494556.763	40395
530003	500338.026	40854
540013	515706.189	41711
550032	513833.483	42341
560014	521004.718	42804
570019	530392.982	44058
580006	539440.066	44641
590007	546576.207	45838
600011	553589.942	47271
610001	558415.089	47860
620067	560577.898	48342
630018	565960.951	49776
640014	568705.508	50299
650001	569494.071	50646
660018	605913.316	50981
670019	569801.493	51420
680010	580096.575	51944
690006	588055.287	52872
700008	592192.813	53370
710024	597696.458	54297
720009	602260.338	54643
730023	609768.226	55249
740005	610459.732	55708
750026	614197.359	56095
760006	615257.506	56527
770003	617379.534	57453
780028	617610.772	57966
790026	621197.012	58676
800014	625422.61	59054
810006	628055.43	59591
820029	633443.842	60307
830017	641114	61236
840003	644468.775	62287
850004	650113.299	63081
860025	652612.955	64228
870007	655066.884	64619
880014	656738.09	65335
890013	659029.536	65641
900024	658579.422	65903
910007	658423.632	66136
920001	660522.276	66542
930023	659074.828	66948
940029	660943.527	67290
950020	667290.74	67974
960002	668556.781	69046
970008	700196.312	69449
980037	673791.01	69966
990007	684149.833	70683
1000082	682798.867	71477
1010048	693412.156	71592
1020004	688247.314	72234
1030004	690480.665	72858
1040011	696155.372	73256
1050030	698728.56	73807
1060039	700302.162	74022
1070007	705171.839	74528
1080023	714458.721	75269
1090002	718963.4	76259
1100035	720654.302	76546
1110015	722613.498	77277
1120019	721260.68	77775
1130019	725043.874	78357
1140001	730282.296	79612
1150022	733260.295	81149
1160013	736908.46	81520
1170039	736349.03	81999
1180012	740226.233	82311
1190018	743077.794	83432
1200027	744471.662	84158
1210012	747966.894	84677
1220000	747097.161	84888
1230011	746557.225	85101
1240026	748572.956	85322
1250004	752645.226	86248
1260031	756698.095	87022
1270001	756895.971	89130
1280007	755589.454	90726
1290000	765678.174	92245
1300000	767300.035	93573