1008	20.264	951
11000	41.875	18743
21001	82.663	40857
31002	95.975	55591
41000	135.888	81183
51000	163.008	103614
61000	173.644	128242
71000	144.506	143774
81001	189.845	159470
91003	220.925	173517
101003	213.694	188184
111003	239.646	206912
121000	243.821	226645
131003	231.397	250420
141000	251.207	270546
151001	207.616	289629
161000	269.36	299830
171002	342.13	309948
181001	296.06	330050
191010	246.315	346895
201006	361.297	361610
211001	343.214	382983
221000	337.305	406492
231002	362.955	443177
241000	314.648	468527
251001	373.373	483741
261000	332.593	499058
271000	373.455	513316
281000	317.15	536217
291002	389.705	551489
301003	422.695	565615
311002	396.009	577842
321001	421.699	592338
331005	347.884	615852
341000	410.668	632228
351000	407.098	654954
361000	465.313	675828
371000	425.543	697792
381000	743.508	717611
391000	492.242	740589
401000	568.291	768479
411001	480.084	782539
421001	605.71	806438
431007	508.303	823244
441000	536.643	837911
451000	675.75	850643
461000	752.85	864611
471000	524.06	879020
481004	575.259	897167
491000	598.986	912138
501000	591.438	933167
511000	688.307	954638
521002	675.838	979105
531000	547.35	1002952
541002	748.635	1016990
551003	619.915	1036651
561001	578.669	1050521
571001	602.983	1072743
581000	604.529	1088288
591000	705.806	1101172
601000	651.41	1124710
611000	638.026	1140568
621000	886.568	1163312
631002	700.597	1179486
641000	743.54	1194551
651000	829.787	1208100
661001	702.274	1221777
671001	749.529	1243658
681000	887.806	1268008
691001	955.981	1277560
701012	680.498	1289444
711002	705.906	1308544
721003	680.492	1324704
731001	787.031	1334769
741000	844.721	1347597
751000	817.436	1361677
761005	958.922	1370495
771000	903.109	1381037
781001	908.46	1395039
791001	954.626	1407035
801003	836.957	1418033
811000	938.978	1431588
821000	837.904	1445304
831000	921.423	1458236
841000	837.648	1479737
851009	808.031	1503384
861000	952.557	1526190
871001	877.726	1544785
881002	936.001	1567733
891001	2632.33	1584528
901000	5310.789	1604260
911000	4354.981	1631331
921001	4721.681	1638241
931015	3915.489	1643533
941000	4223.254	1649043
951000	1674.763	1654439
961022	1030.849	1660093
971003	1128.809	1666063
981001	1030.698	1671456
991000	883.092	1676845
1001005	920.112	1682149
1011000	1184.447	1687988
1021001	1150.824	1693629
1031006	1015.432	1699462
1041001	1164.022	1704845
1051001	1254.975	1710678
1061000	1303.259	1716033
1071000	1248.734	1721135
1081000	1233.553	1727148
1091019	998.685	1732899
1101001	1161.734	1737531
1111003	995.041	1742512
1121001	1186.091	1747658
1131001	1232.176	1753097
1141028	1176.684	1758479
1151015	1206.128	1763225
1161001	1167.142	1768529
1171000	1425.723	1774123
1181005	1257.425	1779338
1191000	1307.587	1784562
1201001	1204.895	1790039
1211004	1272.668	1794882
1221002	1289.92	1800706
1231000	1413.767	1805540
1241001	1509.971	1810831
1251000	1291.78	1815578
1261002	1415.202	1820690
1271001	1385.812	1826252
1281003	1351.433	1831121
1291002	1535.191	1836836
1301002	1114.972	1842144
1311001	1444.431	1847151
1321000	1301.279	1852560
1331006	1444.234	1858631
1341004	1510.359	1865415
1351002	1305.003	1871286
1361001	1606.779	1877069
1371001	1551.515	1882533
1381004	1562.849	1887639
1391015	1452.81	1893169
1401009	1634.304	1898327
1411013	1694.736	1903720
1421004	1206.157	1908875
1431000	1295.832	1914295
1441004	1472.927	1919507
1451000	1285.722	1924462
1461001	1452.147	1929849
1471000	1272.019	1935190
1481000	1526.782	1940281
1491000	1411.665	1945292
1501002	1631.704	1950400
1511001	1508.989	1955563
1521000	1512	1960699
1531003	1914.217	1966201
1541001	1556.515	1971666
1551000	1530.011	1976356
1561001	1852.433	1981739
1571000	1411.699	1987727
1581000	1863.61	1993122
1591002	1732.991	1998544
1601000	1928.61	2003753
1611000	1632.531	2008998
1621009	1815.764	2015648
1631000	1719.715	2020711
1641005	1623.852	2026302
1651000	1738.538	2031800
1661002	1787.702	2036141
1671001	1583.358	2040972
1681003	1589.252	2045856
1691000	1679.617	2050691
1701007	1897.271	2056183
1711010	1889.37	2060450
1721000	2063.436	2065057
1731002	1747.425	2069212
1741000	2017.574	2074687
1751000	1868.064	2080084
1761001	1808.237	2085632
1771002	1707.794	2091180
1781004	1774.508	2096423
1791000	1980.951	2101989
1801001	1776.233	2107218
1811000	1857.54	2112855
1821004	1938.923	2118014
1831000	1885.588	2123478
1841000	1882.518	2128689
1851000	1756.912	2134177
1861000	1969.34	2139616
1871001	1831.818	2145648
1881000	1950.715	2151565
1891001	1964.563	2156804
1901001	1837.852	2162174
1911001	1817.166	2168339
1921002	1884.89	2173873
1931000	1775.846	2179486
1941006	2203.099	2184965
1951002	2261.691	2190876
1961002	2523.92	2196552
1971000	2104.315	2202254
1981001	2171.751	2207774
1991005	2464.765	2213593
2001002	2215.296	2219413
2011003	2612.006	2225592
2021001	2032.462	2230776
2031001	2139.388	2236533
2041001	2037.195	2242089
2051001	2164.38	2246792
2061001	2047.207	2251632
2071000	2080.546	2257103
2081000	2123.392	2262873
2091001	2277.86	2267800
2101002	2037.182	2273334
2111001	2325.933	2278857
2121009	1965.29	2284126
2131002	2162.633	2289628
2141016	2081.785	2295008
2151000	2236.24	2300471
2161000	2241.77	2305623
2171009	2228.304	2310656
2181017	2182.74	2315740
2191000	2348.222	2321360
2201000	2299.983	2326601
2211000	2518.943	2332167
2221001	2299.035	2337855
2231016	2264.858	2342875
2241000	2145.218	2347333
2251015	2445.308	2351713
2261004	2220.49	2356092
2271002	2255.766	2360516
2281000	2392.995	2364840
2291003	2219.603	2369467
2301000	2329.654	2373770
2311001	2470.251	2377880
2321000	2214.6	2381909
2331002	2414.991	2386074
2341001	2445.363	2390273
2351002	2541.673	2394558
2361007	2590.865	2398814
2371000	2450.706	2403172
2381006	2687.296	2407645
2391001	2530.032	2411953
2401013	2646.28	2416309
2411012	2387.041	2420516
2421001	2542.202	2424999
2431001	2409.88	2429304
2441003	2567.896	2434625
2451001	2530.275	2440226
2461001	2598.111	2445302
2471000	2650.035	2450626
2481002	2566.64	2455819
2491000	2335.24	2461194
2501000	2754.327	2466076
2511005	2347.922	2471791
2521006	2821.759	2477492