802140.0 522.417 1.0
2091068.0 2029.553 2.0
3624977.0 3533.545 3.0
4923966.0 4392.915 4.0
5410520.0 5497.803 5.0
5884963.0 5661.188 6.0
7286865.0 6029.659 7.0
8612226.0 7498.797 8.0
8752291.0 7743.899 9.0
8966694.0 8250.555 13.0
9565151.0 10786.123 15.0
12601870.0 13279.935 16.0
12970000.0 13174.225 16.0
13631011.0 13649.441 16.0
13700519.0 13706.887 17.0
13802459.0 14824.77 18.0
13935380.0 15389.58 57.0
14292353.0 15179.779 81.0
14308956.0 16275.879 94.0
14407069.0 17465.088 98.0
14528932.0 17408.824 102.0
14637966.0 17432.775 104.0
14785453.0 17937.232 105.0
14803667.0 17153.144 106.0
